   8.9215266274710050        42.532797160491214        131.26893973523704     
   9.5398707272457397        41.734413802682880        131.49486395157331     
   10.158037742152116        40.934561450288527        131.71500091732869     
   10.776022743099743        40.133292184753792        131.92935830839721     
   11.393821173545659        39.330658775292484        132.13794784811117     
   12.011428929419010        38.526714786221987        132.34078608341375     
   12.628842316316820        37.721514075606713        132.53789312510682     
   13.246057856845646        36.915109467433183        132.72928823575427     
   13.863071258639973        36.107548695554527        132.91497474203095     
   14.479878323867636        35.298878949223017        133.09495518286408     
   15.096477665170930        34.489158261963610        133.26927517708000     
   15.712867715214621        33.678441215509800        133.43797220325104     
   16.329046364480440        32.866777792632249        133.60106980434171     
   16.945011873314971        32.054217747497077        133.75859390525918     
   17.560762530976206        31.240809389156222        133.91056786493104     
   18.176296904561081        30.426600501615724        134.05701611314390     
   18.791614457256571        29.611640259093623        134.19797292650742     
   19.406713553546933        28.795972870554959        134.33345416808905     
   20.021592755658450        27.979642034184277        134.46347585128581     
   20.636253842251893        27.162699626603505        134.58809716642781     
   21.250695490792438        26.345186746906812        134.70733040084448     
   21.250802148836346        26.345044765453668        134.70735063228923     
   21.251120782472409        26.344620607152173        134.70741107104263     
   21.251647387031262        26.343919607687162        134.70751095363454     
   21.252375343912952        26.342950585187861        134.70764901847815     
   21.253295503630198        26.341725729200789        134.70782352201158     
   21.254396300616467        26.340260447221258        134.70803226099156     
   21.255663898368567        26.338573170722341        134.70827260063996     
   21.257082363113117        26.336685123131527        134.70854150826824     
   21.258633863830624        26.334620052684738        134.70883559193058     
   21.260298896138995        26.332403933530077        134.70915114359528     
   21.262056527239004        26.330064638852328        134.70948418626506     
   21.263884658858391        26.327631590140953        134.70983052442872     
   21.265760304902223        26.325135387022602        134.71018579718839     
   21.267659880331049        26.322607422322164        134.71054553337561     
   21.269444494242954        26.320232526721966        134.71088343512051     
   21.271574095257435        26.317398634016392        134.71128657698773     
   21.274115323464482        26.314017122803296        134.71176752718665     
   21.277147670377190        26.309982298783858        134.71234126327758     
   21.280765948283133        26.305168121677003        134.71302562902295     
   21.285083230232434        26.299424311421518        134.71384187573057     
   21.290234348721643        26.292571718828082        134.71481530280334     
   21.296380056903168        26.284396825821371        134.71597601437796     
   21.303711974435149        26.274645217430269        134.71735981123956     
   21.312458461145837        26.263013841541945        134.71900923955855     
   21.322891585733110        26.249141843047255        134.72097482026004     
   21.335335383871840        26.232599726474369        134.72331648476731     
   21.350175630304218        26.212876565945418        134.72610524409959     
   21.367871382403251        26.189364944178045        134.72942511830263     
   21.388968587527259        26.161343264870688        134.73337535116039     
   21.414116081719527        26.127955047750792        134.73807292994204     
   21.444084340374157        26.088184786858964        134.74365542000709     
   21.479787368208214        26.040829936301783        134.75028410725000     
   21.522308129728572        25.984468592428801        134.75814741472820     
   21.572927912440313        25.917422479387699        134.76746451960898     
   21.633159968535448        25.837714932976212        134.77848903806358     
   21.704787675133211        25.743023737757163        134.79151256324255     
   21.789907257305469        25.630628932851888        134.80686772864851     
   21.890974788440644        25.497356097375512        134.82493031976301     
   22.010856658867961        25.339516197203160        134.84611976587976     
   22.152881908989812        25.152843870831770        134.87089715291847     
   22.320893799699700        24.932437440257637        134.89976160336590     
   22.519296148957178        24.672704824754135        134.93324340711251     
   22.753087462873662        24.367320663825865        134.97188955204209     
   23.027873397866561        24.009203092171337        135.01624447584652     
   23.349843777878188        23.590519111000294        135.06682170622273     
   23.725695836920607        23.102728712144408        135.12405924442055     
   24.162482569571029        22.536683866910280        135.18827896744318     
   24.667360037185315        21.882792368014854        135.25963333855952     
   25.247210148767440        21.131261576079673        135.33805030101163     
   25.908126629010123        20.272439845091629        135.42319903292196     
   26.654776822665621        19.297270741341080        135.51442887547526     
   27.489756762121136        18.197938106161875        135.61066059587046     
   28.413215068896381        16.968878004510479        135.71029538944998     
   29.422908789989581        15.608180816112366        135.81104908659063     
   30.514580356560863        14.119154539173117        135.90984962946266     
   31.682396192066054        12.511651272768741        136.00289806544404     
   32.919118714499497        10.802680724674591        136.08595124726202     
   34.215953815585095        9.0160730177549890        136.15480758214591     
   35.562211133872971        7.1811831024181298        136.20584898690674     
   36.944840511949941        5.3306966803692868        136.23656257659997     
   38.174463167798088        3.7218476282427022        136.24588717651142     
   39.407560270764016        2.1475986211552036        136.23898954904692     
   40.630646113099644       0.62656642547054864        136.21694200348801     
   41.829894956868550      -0.82572069193429676        136.18145765452087     
   42.992003516638114       -2.1971734818161384        136.13470650216630     
   44.104996330979070       -3.4791935361911661        136.07911931993075     
   45.158862037148666       -4.6664892753609655        136.01719198879869     
   46.145954042700929       -5.7567308180479673        135.95132249253169     
   47.061135907734631       -6.7501164292005145        135.88367819419724     
   47.901701777294392       -7.6489077211539049        135.81613773181078     
   48.667134406469337       -8.4569635262529328        135.75023421619181     
   49.358763785674952       -9.1793024317862635        135.68714311700128     
   49.979381156877473       -9.8217142359295018        135.62770748477612     
   50.532852322416979       -10.390429313680496        135.57247404998819     
   51.023761534145621       -10.891848868498986        135.52173873282908     
   51.457104369095042       -11.332333871076997        135.47559608696761     
   51.838037315001955       -11.718047125449933        135.43398566811626     
   52.171684279833002       -12.054841634764839        135.39673522620149     
   52.462995257679921       -12.348187314327106        135.36359599194873     
   52.716649761130576       -12.603128878090743        135.33427206687898     
   52.936996679939753       -12.824268060728947        135.30844366666065     
   53.128022576158557       -13.015764006315415        135.28578403008746     
   53.293341336218546       -13.181346746795830        135.26597184684732     
   53.436199147345825       -13.324339521266795        135.24869977220635     
   53.559489916796885       -13.447686598744236        135.23367984881716     
   53.665777316070205       -13.553984045870974        135.22064651795168     
   53.757320568754295       -13.645511556787531        135.20935791767445     
   53.836101872832600       -13.724263998841090        135.19959599206831     
   53.903853966891020       -13.791981750639057        135.19116576441232     
   53.962086834938567       -13.850179243625753        135.18389407321845     
   54.012112910764003       -13.900171366709092        135.17762799319573     
   54.055070412787465       -13.943097574796671        135.17223310151502     
   54.091944633979566       -13.979943670613627        135.16759170192245     
   54.123587145857165       -14.011561316962972        135.16360108291789     
   54.150732965274400       -14.038685393622888        135.16017185915041     
   54.174015789412223       -14.061949347339455        135.15722642541331     
   54.193981437234413       -14.081898701134817        135.15469753849416     
   54.211099651788494       -14.099002895245205        135.15252703228893     
   54.225774422383488       -14.113665630107231        135.15066466494420     
   54.238352982776100       -14.126233874674941        135.14906709250053     
   54.249133633853198       -14.137005692998695        135.14769696091847     
   54.258372528909597       -14.146237029890802        135.14652210698151     
   54.266289547864965       -14.154147583669838        135.14551485802005     
   54.273073374579866       -14.160925881121834        135.14465142040896     
   54.278885879431471       -14.166733657403668        135.14391134716473     
   54.283865897876360       -14.171709631929675        135.14327707556203     
   54.288856931943748       -14.176696620659914        135.14264122117245     
   54.293785180170595       -14.181620882450222        135.14201318898989     
   54.298588667820425       -14.186420492826736        135.14140088670754     
   54.303206989868087       -14.191035095267418        135.14081203021010     
   54.307582070561040       -14.195406660140417        135.14025404574832     
   54.311658893647461       -14.199480214369908        135.13973397549501     
   54.315386194091836       -14.203204532658711        135.13925838772207     
   54.318717102587158       -14.206532781580110        135.13883329279233     
   54.321609734767662       -14.209423108443215        135.13846406609289     
   54.324027717723794       -14.211839167530263        135.13815537895323     
   54.325940647210459       -14.213750577090515        135.13791113849200     
   54.327324469811259       -14.215133301345768        135.13773443721877     
   54.328161785264705       -14.215969952704818        135.13762751308846     
   54.328442065160665       -14.216250010386824        135.13759172056373     
   55.046393793600124       -14.933392901418168        135.04408844366304     
   55.764266208643257       -15.649968595717516        134.94699827753553     
   56.482061749646519       -16.365967035510103        134.84637922689421     
   57.199782989407439       -17.081378860564094        134.74228539363230     
   57.917432577870045       -17.796195115302432        134.63476554198877     
   58.635013233855098       -18.510407208741658        134.52386384083655     
   59.352527719040985       -19.224006759804105        134.40961963773964     
   60.069978824248672       -19.936985524184028        134.29206783383640     
   60.787369358386357       -20.649335313045530        134.17123912841814     
   61.504702138312346       -21.361047907743888        134.04716019060555     
   62.221979980154373       -22.072114973282694        133.91985379150140     
   62.939205690820103       -22.782527980766869        133.78933896603237     
   63.656382060926113       -23.492278132040294        133.65563115935112     
   64.373511860124410       -24.201356299554430        133.51874243310223     
   65.090597830630969       -24.909752942562413        133.37868151094662     
   65.807642670787274       -25.617457898410102        133.23545316908806     
   66.524649035919595       -26.324460392501660        133.08905883702545     
   67.241619541146335       -27.030749090608367        132.93949731162101     
   67.958556754914099       -27.736312009731147        132.78676468303874     
   68.675463179638101       -28.441136208380989        132.63085324588181     
