   4.1446398744027997        31.968544293215039        103.43980014571832     
   4.7083672538757284        31.407520672202189        103.60340194777253     
   5.2720460772198967        30.845525455410808        103.76350064180676     
   5.8356735339765633        30.282584174238469        103.92009517144821     
   6.3992468532985667        29.718722256318646        104.07318457044661     
   6.9627632937403101        29.153964908790474        104.22276753822578     
   7.5262201139382618        28.588336794265015        104.36884120479702     
   8.0896146291309492        28.021862884895683        104.51140413004795     
   8.6529442608227214        27.454568963222950        104.65045835467474     
   9.2162063976845054        26.886479775902167        104.78600257871318     
   9.7793984080539058        26.317619405075920        104.91803324052192     
   10.342517714863046        25.748012387272095        105.04654880038078     
   10.905561873667189        25.177684108183794        105.17155161519342     
   11.468528573349072        24.606660558671177        105.29304735241024     
   12.031415089043325        24.034963795541564        105.41102547511683     
   12.594218747379029        23.462616271037479        105.52547662575910     
   13.156937785539855        22.889647673687051        105.63642433889223     
   13.719569832762922        22.316082083223492        105.74386856069206     
   14.282111679971033        21.741936989090647        105.84777760309905     
   14.844560682470968        21.167235616368124        105.94814537097388     
   15.406915797546000        20.592010825676670        106.04501514100271     
   15.407327093117669        20.591589902799786        106.04508474611282     
   15.408555804420480        20.590332422670347        106.04529267612742     
   15.410586470461789        20.588254184533788        106.04563628673573     
   15.413393539571681        20.585381300425567        106.04611120936991     
   15.416941691489528        20.581749867972057        106.04671140853191     
   15.421186282543859        20.577405518000113        106.04742926086807     
   15.426073908274784        20.572402842563303        106.04825565483615     
   15.431543076361111        20.566804710481311        106.04918010951953     
   15.437524981320903        20.560681478893301        106.05019091088076     
   15.443944371171217        20.554110110629381        106.05127526351693     
   15.450720495077210        20.547173208389907        106.05241945578452     
   15.457768120007254        20.539957977775600        106.05360903600530     
   15.464998603550443        20.532555132118638        106.05482899734864     
   15.472321009357756        20.525057752813382        106.05606396890752     
   15.479550828562491        20.517654758457915        106.05728283224738     
   15.487902705217710        20.509102318885457        106.05869025191079     
   15.497550100241870        20.499222569432849        106.06031517330179     
   15.508693062549042        20.487810326300060        106.06219091040232     
   15.521562228362914        20.474628958809333        106.06435578006338     
   15.536423396641505        20.459405661017307        106.06685381996867     
   15.553582755021822        20.441826043115348        106.06973559841165     
   15.573392837337721        20.421527955257808        106.07305912375307     
   15.596259299888239        20.398094448937901        106.07689086063895     
   15.622648608686198        20.371045774303258        106.08130685855446     
   15.653096733137923        20.339830306605453        106.08639399579276     
   15.688218941939013        20.303814292167395        106.09225133714224     
   15.728720792910723        20.262270303540166        106.09899158707493     
   15.775410398839835        20.214364305919837        106.10674263876849     
   15.829212032709618        20.159141249712775        106.11564919258888     
   15.891181105612899        20.095509129458407        106.12587438961617     
   15.962520505730343        20.022221496353087        106.13760140034847     
   16.044598221913393        19.937858477048643        106.15103487730384     
   16.138966085686857        19.840806447107813        106.16640214553567     
   16.247379344941994        19.729236641824112        106.18395396202318     
   16.371816625087256        19.601083171167762        106.20396462272404     
   16.514499633273385        19.454021152677925        106.22673113482750     
   16.677911715607543        19.285446004253533        106.25257111754699     
   16.864814102222656        19.092455405834251        106.28181927861203     
   17.078258300897712        18.871835869256806        106.31482167822985     
   17.321592758710828        18.620056559417304        106.35192711837817     
   17.598461610707666        18.333273918134818        106.39347546666031     
   17.912793090619580        18.007351531635830        106.43978220251620     
   18.268775083419744        17.637900910530682        106.49111883768107     
   18.670815567323839        17.220350251993384        106.54768902826706     
   19.123486902921414        16.750049411530966        106.60959694928063     
   19.631454933612446        16.222423031333655        106.67681375189537     
   20.199398227421160        15.633186492075563        106.74914586224013     
   20.831929810901851        14.978643300130289        106.82619838639916     
   21.533542106972444        14.256087340479535        106.90732939323821     
   22.308554348588075        13.464279966242758        106.99163357392959     
   23.160967571776791        12.603867466609858        107.07796311005195     
   24.094139591331309        11.677601999343743        107.16499929506467     
   25.110260918086801        10.690298061775053        107.25137912182456     
   26.209712364556697        9.6485622225796863        107.33583088841989     
   27.390452178923049        8.5604109232950378        107.41728155984767     
   28.647635989732951        7.4349602478625201        107.49489937168094     
   29.973475727194906        6.2821477411808129        107.56807598690210     
   31.357305221913030        5.1124201556879658        107.63636707980041     
   32.785889091276900        3.9364306808105329        107.69940797777832     
   34.243977636633289        2.7647804422590312        107.75683376648782     
   35.547117215319375        1.7387447126301678        107.80269137808259     
   36.848756422936276       0.73109882138632409        107.84352057306413     
   38.137381891407436      -0.25170496574023971        107.87903180379098     
   39.402072569654571       -1.2037636824398299        107.90899418363993     
   40.632844869624819       -2.1198501717867435        107.93328231396885     
   41.820925316082139       -2.9955162175861791        107.95191216248922     
   42.958939325683531       -3.8271662304406870        107.96505892338799     
   44.041013509596262       -4.6120970297961055        107.97305458090239     
   45.062796624697583       -5.3485018472726722        107.97636636745077     
   46.021409245278591       -6.0354408258209586        107.97556286388392     
   46.915335043328078       -6.6727841531801326        107.97127316893777     
   47.744273509963357       -7.2611295508355758        107.96414619135047     
   48.508971609560326       -7.8016994627273846        107.95481532039275     
   49.211046597032656       -8.2962277465991985        107.94387103135152     
   49.852809988651437       -8.7468447185468623        107.93184223607318     
   50.437100470199567       -9.1559674505543569        107.91918578014337     
   50.967131253380536       -9.5262001334237549        107.90628298820198     
   51.446355344627669       -9.8602473529353531        107.89344173248701     
   51.878350484732302       -10.160841377181887        107.88090122775949     
   52.266723818789664       -10.430683613295605        107.86884023895352     
   52.615035686409996       -10.672399099763011        107.85738486846796     
   52.926740901663528       -10.888502735254255        107.84661778050175     
   53.205145606050948       -11.081375509796644        107.83658616400088     
   53.453377157356691       -11.253249490499623        107.82730912210111     
   53.674364908031947       -11.406199899080489        107.81878443805191     
   53.870829933266343       -11.542142625987818        107.81099393155856     
   54.045281839028064       -11.662835890114014        107.80390796003324     
   54.200021013079969       -11.769884931297453        107.79748915188465     
   54.337144916724284       -11.864748817892805        107.79169536291265     
   54.458557238382461       -11.948748646482146        107.78648196396254     
   54.565978949006613       -12.023076564537762        107.78180353253650     
   54.660960489125010       -12.088805191774339        107.77761513009267     
   54.744894494097750       -12.146897111875093        107.77387322040650     
   54.819028607536893       -12.198214196681111        107.77053629805972     
   54.884478052298441       -12.243526595459727        107.76756529126193     
   54.942237725610426       -12.283521276465640        107.76492379181188     
   54.993193662099749       -12.318810050144558        107.76257815505060     
   55.038133768606166       -12.349937035348299        107.76049750414978     
   55.077757780517551       -12.377385553856248        107.75865366592632     
   55.112686423503767       -12.401584456023670        107.75702105945483     
   55.143469789251021       -12.422913892911609        107.75557655410022     
   55.170594951119256       -12.441710558787573        107.75429930898832     
   55.194492857156177       -12.458272433538596        107.75317060315788     
   55.215544544986884       -12.472863057971848        107.75217366413088     
   55.234086726983506       -12.485715376411665        107.75129349928851     
   55.250416795518348       -12.497035181376036        107.75051673340739     
   55.266939287738310       -12.508489139415051        107.74972928161739     
   55.283253618619945       -12.519799563962883        107.74895023585988     
   55.299154640464351       -12.530824199415108        107.74818947625350     
   55.314442417647037       -12.541424365131425        107.74745670483514     
   55.328924739791631       -12.551466701035212        107.74676131684166     
   55.342419536991166       -12.560824847330220        107.74611227355919     
   55.354757166780715       -12.569381037103433        107.74551797878661     
   55.365782544230690       -12.577027581611913        107.74498616100938     
   55.375357088552100       -12.583668229343063        107.74452376337683     
   55.383360461948577       -12.589219381480378        107.74413684351595     
   55.389692079086970       -12.593611148186209        107.74383048509512     
   55.394272368447886       -12.596788232109061        107.74360872287511     
   55.397043769926270       -12.598710627712448        107.74347448275211     
   55.397971456339462       -12.599354127376715        107.74342953801923     
   56.066011563352625       -13.062650422421758        107.70988515463998     
   56.734194803657346       -13.525843923354667        107.67397979322001     
   57.402518601662507       -13.988921683216294        107.63571662315628     
   58.070980372089537       -14.451870955801468        107.59510001330739     
   58.739577537304143       -14.914679177321224        107.55213521926315     
   59.408307535045921       -15.377333979305046        107.50682834556525     
   60.077167833186216       -15.839823168950236        107.45918609326725     
   60.746155936616496       -16.302134714544579        107.40921558402904     
   61.415269392615421       -16.764256734147445        107.35692423426238     
   62.084505797396609       -17.226177481378091        107.30231963155823     
   62.753862799686438       -17.687885328970779        107.24540941705116     
   63.423338100950538       -18.149368752755052        107.18620118842763     
   64.092929456550266       -18.610616316876449        107.12470242469416     
   64.762634677707467       -19.071616657318824        107.06092041251114     
   65.432451629344158       -19.532358464563920        106.99486217846561     
   66.102378227654611       -19.992830468907140        106.92653444518085     
   66.772412439123215       -20.453021423825547        106.85594358340823     
   67.442552279005682       -20.912920087930839        106.78309556350101     
   68.112795806413516       -21.372515212045776        106.70799593905993     
   68.783141121094289       -21.831795524827211        106.63064982577892     
