   1.5000511770411258        21.218963400231335        80.807092138670939     
   1.9327723794954565        20.782514662862244        80.929285825964058     
   2.3655385404199119        20.345356517020370        81.049089924771465     
   2.7983495083049950        19.907501843166354        81.166498753914766     
   3.2312051358172775        19.468963507643011        81.281506398825272     
   3.6641052157881187        19.029755154546027        81.394110063758319     
   4.0970495093136687        18.589890832352957        81.504308819203473     
   4.5300377445151803        18.149385361937775        81.612105487498923     
   4.9630696385842832        17.708253842691292        81.717504846232131     
   5.3961451165448233        17.266508872502911        81.820500705237180     
   5.8292642869031166        16.824161098873201        81.921077065671909     
   6.2624271155741740        16.381222603623815        82.019223673992016     
   6.6956333839328188        15.937707106709970        82.114937905340923     
   7.1288827598967384        15.493629927929813        82.208225693593604     
   7.5621747408577171        15.049008657807482        82.299106503500923     
   7.9955091366675504        14.603857282442707        82.387582307863482     
   8.4288865241831257        14.158182101735809        82.473610939369934     
   8.8623072943317194        13.711991623499907        82.557158235859902     
   9.2957708664947596        13.265302653748746        82.638237383863981     
   9.7292763648382987        12.818134769075062        82.716881748826466     
   10.162822464678065        12.370514006329474        82.793173294393114     
   10.164120628072098        12.369173114460853        82.793398285786182     
   10.167998865410310        12.365167423038832        82.794070289876231     
   10.174408618761621        12.358547664647260        82.795180441069505     
   10.183269624595063        12.349397663484460        82.796714111329706     
   10.194470905226904        12.337833251051720        82.798651128785536     
   10.207872140738845        12.324000769603908        82.800966077262999     
   10.223305405403149        12.308075184355479        82.803628670508857     
   10.240577248299887        12.290257830747858        82.806604193476275     
   10.259471093666978        12.270773827717361        82.809854000568748     
   10.279749932512992        12.249869192389735        82.813336061277809     
   10.301159273148306        12.227807696136324        82.817005548777686     
   10.323430315212184        12.204867503340227        82.820815455940959     
   10.346283308570786        12.181337637471607        82.824717229258425     
   10.369431055869956        12.157514320682672        82.828661410911380     
   10.392766955832764        12.133507531064987        82.832629611378067     
   10.418898499909732        12.106636783240265        82.837063649787225     
   10.448156497043717        12.076566175286910        82.842016252157293     
   10.480909846206483        12.042921858845956        82.847545619022682     
   10.517569650118046        12.005288115834079        82.853715868898448     
   10.558593701962559        11.963203121036468        82.860597484688839     
   10.604491359366108        11.916154389385600        82.868267752508643     
   10.655828814216225        11.863573914350502        82.876811179110675     
   10.713234758849339        11.804833013782009        82.886319870209292     
   10.777406438088338        11.739236912209170        82.896893847412144     
   10.849116061838666        11.666019104419602        82.908641276203866     
   10.929217533581671        11.584335564659773        82.921678571492393     
   11.018653425153303        11.493258889442487        82.936130340724418     
   11.118462096575932        11.391772490224389        82.952129117678140     
   11.229784820366543        11.278764986959404        82.969814843189340     
   11.353872722299673        11.153025006821052        82.989334150134937     
   11.492093290005009        11.013236594787960        83.010839195102406     
   11.645936134297697        10.857975524758372        83.034485986287592     
   11.817017611354037        10.685706875056201        83.060432268839776     
   12.007083827549179        10.494784280675542        83.088834859765271     
   12.218011463575351        10.283451373532015        83.119846403175615     
   12.451805787901693        10.049846058316740        83.153611690038062     
   12.710595133780842        9.7920083774468960        83.190263245366651     
   12.996621137660387        9.5078930113426630        83.229916268520057     
   13.312224169050475        9.1953877549546306        83.272662247074706     
   13.659823635256247        8.8523398431211167        83.318559552690644     
   14.041893040256308        8.4765939326909638        83.367627726094156     
   14.460931026218759        8.0660459861837186        83.419841826025490     
   14.919430996380839        7.6187205276969987        83.475126763712154     
   15.419854684116558        7.1328830935626257        83.533347143097984     
   15.964619413221728        6.6072086259861980        83.594296091542063     
   16.556109151111141        6.0410272211887763        83.657697222088572     
   17.196695589393933        5.4346131659203145        83.723214283670814     
   17.888741126992155        4.7894528694165439        83.790474316112778     
   18.634554045065695        4.1084221663813700        83.859116103357664     
   19.436271572714961        3.3958098968192854        83.928856319662913     
   20.295672594461628        2.6571760037723662        83.999556212330205     
   21.213944642408983        1.8990766308257510        84.071252862765093     
   22.191439471731890        1.1287166446843249        84.144180556278869     
   23.227482848570144       0.35365496653030332        84.218817384164936     
   24.320260175471685      -0.41843197747174260        84.295772559240049     
   25.466730530451265       -1.1800065227813767        84.375731041908068     
   26.662583619981582       -1.9239360122506937        84.459364286606885     
   27.902252207440174       -2.6437410522010278        84.547226513368742     
   29.178987382371357       -3.3338025454151081        84.639655666414569     
   30.484998733012340       -3.9895101910301265        84.736690575276427     
   31.786079874469614       -4.5958695099299431        84.836041972065644     
   33.098336357163468       -5.1635039080804912        84.938976875148214     
   34.412798481170604       -5.6910835651941110        85.044641484869530     
   35.720482709194371       -6.1781324552851089        85.152004239056552     
   37.012661955507966       -6.6248983853532986        85.259934045422526     
   38.281112214390085       -7.0322142002455035        85.367280618879803     
   39.518320840666128       -7.4013649807220707        85.472953074257276     
   40.717647438044303       -7.7339704579897859        85.575980615720297     
   41.873432387991201       -8.0318878927785189        85.675555205558410     
   42.981054863077169       -8.2971347392164674        85.771040970011924     
   44.036940326656037       -8.5318345309833656        85.861969681920144     
   45.038515439523408       -8.7381997571478891        85.948040425755082     
   45.984135295837177       -8.9185201407739587        86.029078630608339     
   46.872997373073694       -9.0751344565808445        86.105017066720194     
   47.705049919859889       -9.2103886717426331        86.175874204642952     
   48.480896825481437       -9.3265893077145652        86.241735368222152     
   49.201701436842562       -9.4259587631700441        86.302737188068662     
   49.869091729753386       -9.5105971814872685        86.359055044031194     
   50.485069081208955       -9.5824533703485688        86.410892692754814     
   51.051922519718559       -9.6433056249388631        86.458473733646514     
   51.572149914197773       -9.6947520809903338        86.502034926071545     
   52.048387315182410       -9.7382092610747133        86.541820045552996     
   52.483346916721224       -9.7749173156658689        86.578075291978621     
   52.879763983548408       -9.8059500351220237        86.611045924926131     
   53.240353028298003       -9.8322271633279996        86.640972848477389     
   53.567772340288755       -9.8545285019038129        86.668090016237272     
   53.864595734481952       -9.8735096177638297        86.692622706230964     
   54.133290999463220       -9.8897178492731239        86.714785704140837     
   54.376204275597040       -9.9036077787086914        86.734782361723987     
   54.595549640174539       -9.9155555226196199        86.752803924605487     
   54.793403110705043       -9.9258715245412628        86.769029060503485     
   54.971700284008143       -9.9348117588485021        86.783623781020850     
   55.132236904896629       -9.9425873462307521        86.796741603827925     
   55.276671724388031       -9.9493726742629089        86.808523894732218     
   55.406531089944544       -9.9553121582690558        86.819100288139637     
   55.523214783496520       -9.9605258179267402        86.828589253639876     
   55.628002709009685       -9.9651138327874751        86.837098738618025     
   55.722062102536121       -9.9691602359139377        86.844726849068678     
   55.806455002154912       -9.9727358923621434        86.851562546424020     
   55.882145772042129       -9.9759008921450025        86.857686342681745     
   55.950008523559283       -9.9787064691418301        86.863170980394159     
   56.010834317000281       -9.9811965396021183        86.868082087351610     
   56.065338061139983       -9.9834089373987176        86.872478798134111     
   56.114165055277851       -9.9853764089293584        86.876414339593012     
   56.157897139751327       -9.9871274178821370        86.879936577273170     
   56.197058437772789       -9.9886867997421511        86.883088521747510     
   56.236235733123152       -9.9902389719968649        86.886239684278053     
   56.274925438229772       -9.9917644067944487        86.889349567522473     
   56.312640592356232       -9.9932445892968236        86.892379117253370     
   56.348906338213368       -9.9946617750931797        86.895290353576485     
   56.383265928015298       -9.9959991574995133        86.898046844432812     
   56.415286505280640       -9.9972410206943216        86.900614155891475     
   56.444564587336686       -9.9983728805613747        86.902960273835319     
   56.470731177526581       -9.9993816145106660        86.905055992277468     
   56.493456441166202       -10.000255580758523        86.906875264218343     
   56.512453885227139       -10.000984726709261        86.908395511627830     
   56.527483988397591       -10.001560685332414        86.909597891781345     
   56.538357235462094       -10.001976857878162        86.910467517773895     
   56.544936517718973       -10.002228480993924        86.910993631564693     
   56.547138869304383       -10.002312676325570        86.911169728363518     
   57.200949627406118       -10.027265214916349        86.963043262269494     
   57.855229360665668       -10.052153441620868        87.014155894688187     
   58.509970584941655       -10.076978070944897        87.064518073986306     
   59.165165953648923       -10.101739802709444        87.114140043597644     
   59.820808257318397       -10.126439317868291        87.163031807940001     
   60.476890413917971       -10.151077280099107        87.211203148318177     
   61.133405466836493       -10.175654335989584        87.258663626601020     
   61.790346587455616       -10.200171113083840        87.305422570542845     
   62.447707067586123       -10.224628218196825        87.351489061559121     
   63.105480308603035       -10.249026248399492        87.396872030686836     
   63.763659819864230       -10.273365795462077        87.441580297793877     
   64.422239256011011       -10.297647376856959        87.485621986424761     
   65.081212383085045       -10.321871475247287        87.529004865103929     
   65.740573058270627       -10.346038566859294        87.571736590762242     
   66.400315237767202       -10.370149111163187        87.613824622577908     
   67.060432994791597       -10.394203503772108        87.655275826584699     
   67.720920509947305       -10.418202081187314        87.696096521062472     
   68.381772056131680       -10.442145140479591        87.736292646925293     
   69.042982001810259       -10.466032923501709        87.775869638767787     
   69.704544803468693       -10.489865614480756        87.814832409335708     
