   2.7234953478291377        26.450910691066326        90.247905706219029     
   3.2079805940045962        25.959132257861601        90.392581465296757     
   3.6924760043694533        25.466489164876577        90.534316661118680     
   4.1769800300133149        24.973000885943542        90.673107969939352     
   4.6614911458797907        24.478687292664521        90.808953724841302     
   5.1460078389303519        23.983568025039265        90.941851700754469     
   5.6305286104703036        23.487661325391336        91.071794517011327     
   6.1150519577790723        22.990985362879272        91.198774284902953     
   6.5995763542004457        22.493558996444403        91.322785635925428     
   7.0841002895404968        21.995401879658925        91.443826450676070     
   7.5686223012276237        21.496535039930340        91.561900713039194     
   8.0531408977187926        20.996977267228466        91.677003494328673     
   8.5376545267104085        20.496743660040572        91.789113280620555     
   9.0221616479960787        19.995852504693982        91.898221398786916     
   9.5066607462053287        19.494326145699439        92.004337850197132     
   9.9911503333668925        18.992184988992776        92.107464793515675     
   10.475628928403561        18.489447178695571        92.207593799876648     
   10.960094768859918        17.986126862272386        92.304695393151647     
   11.444545937545005        17.482237232978552        92.398731975355531     
   11.928981144956113        16.977806782705461        92.489745120902242     
   12.413399567385937        16.472871250552334        92.577822855979235     
   12.414207888628086        16.472028275004838        92.577967424068930     
   12.416622679306991        16.469509929846502        92.578399265176273     
   12.420613548596384        16.465347827422622        92.579112815533250     
   12.426130271208768        16.459594216232738        92.580098887477106     
   12.433103420841279        16.452321328449425        92.581344795844743     
   12.441445245698851        16.443620477645304        92.582834531905291     
   12.451050774970295        16.433600917777166        92.584548981905314     
   12.461799142204153        16.422388477418679        92.586466186599324     
   12.473555108785236        16.410123986015613        92.588561637524919     
   12.486170768184703        16.396961511529149        92.590808605275143     
   12.499487409379148        16.383066431200941        92.593178494624254     
   12.513337515836966        16.368613359289441        92.595641221084833     
   12.527546874777167        16.353783957463381        92.598165603311003     
   12.541936770039728        16.338764655070399        92.600719765714345     
   12.556171512754231        16.323905817218840        92.603244120757779     
   12.572319562659768        16.307048008274943        92.606105048770459     
   12.590635939813112        16.287924273874363        92.609346629936127     
   12.611409036705755        16.266232574608765        92.613018489888972     
   12.634964807254711        16.241631337339648        92.617176432016535     
   12.661671429924896        16.213734489260904        92.621883122794742     
   12.691944483299958        16.182105928300999        92.627208828674270     
   12.726252670591339        16.146253383564577        92.633232200669170     
   12.765124125682965        16.105621621292443        92.640041099625535     
   12.809153326642617        16.059584955890134        92.647733450985058     
   12.859008632303359        16.007439032725994        92.656418112491963     
   12.915440442433630        15.948391860616740        92.666215731488734     
   12.979289960880909        15.881554087831825        92.677259556510975     
   13.051498512765621        15.805928529687684        92.689696104246735     
   13.133117327240624        15.720399009828148        92.703685698183762     
   13.225317648057539        15.623718610091197        92.719402823812899     
   13.329400971606360        15.514497464421208        92.737036135052179     
   13.446809132006390        15.391190321500975        92.756788019985621     
   13.579133856650287        15.252084190024284        92.778873584377720     
   13.728125301463162        15.095286499805180        92.803518883287666     
   13.895698944990132        14.918714364604215        92.830958205100359     
   14.083940091426760        14.720085801781423        92.861430652827408     
   14.295105085531860        14.496913959068486        92.895175934485408     
   14.531618181897512        14.246505451069631        92.932427470928133     
   14.796063038929772        13.965964875883106        92.973404129565964     
   15.091167853277812        13.652207764021668        93.018299056054445     
   15.419783470517848        13.301985122371333        93.067263786747361     
   15.784854411038518        12.911925269249199        93.120393656070817     
   16.189384345781750        12.478599264152120        93.177710426393134     
   16.636399906887043        11.998620398585498        93.239142433952935     
   17.128920908914328        11.468793568644259        93.304499027435028     
   17.669953000275555        10.886341058671679        93.373440159149411     
   18.262529498097500        10.249246960497565        93.445448958009621     
   18.909807629020946        9.5567241403957972        93.519809891620781     
   19.615149655637325        8.8096907548690400        93.595619551638109     
   20.382104444950141        8.0111129815032101        93.671841845866268     
   21.214214943802130        7.1660803175335142        93.747412052403547     
   22.114642297925297        6.2815746942160464        93.821378879600516     
   23.085667982443642        5.3659984742277524        93.893050009486373     
   24.128179688794191        4.4285920302932267        93.962075610158607     
   25.241310119099733        3.4789778133412916        94.028481581987037     
   26.422219181836873        2.5267926402253758        94.092636665654297     
   27.665957250833131        1.5812982267220304        94.155164811053481     
   28.965441333173928       0.65101507368794775        94.216812822666341     
   30.311571811028301      -0.25656944501446399        94.278294168771836     
   31.693498474695645       -1.1351847164778017        94.340134761210820     
   33.004187778447537       -1.9242810339850953        94.398363945317854     
   34.324896853743979       -2.6807581177156927        94.457038470910391     
   35.644859694787108       -3.4023997309219181        94.515830084128183     
   36.953466269791193       -4.0877023974501361        94.574211583336350     
   38.240634843538672       -4.7357401572656457        94.631532828788579     
   39.497130792981288       -5.3460397433718416        94.687108404526299     
   40.714812879987413       -5.9184802067299698        94.740297870156752     
   41.886797336772410       -6.4532229825437541        94.790568636302339     
   43.007539977473968       -6.9506707639214484        94.837532782670294     
   44.072843346237363       -7.4114492011679740        94.880958178109793     
   45.079793035538664       -7.8364155916191400        94.920762950971508     
   46.026637212037528       -8.2266881461859676        94.956985936508616     
   46.912649251819794       -8.5836510284246810        94.989756787307741     
   47.737990502349909       -8.9089268191962994        95.019266415881077     
   48.503576226382265       -9.2043280355371717        95.045741959680001     
   49.210946848942214       -9.4717986309250684        95.069427330135383     
   49.862146295472449       -9.7133541395176728        95.090569163905627     
   50.459608979164372       -9.9310265019827551        95.109407235121338     
   51.006056688256088       -10.126817185006399        95.126168500865745     
   51.504406281777840       -10.302660231910552        95.141064372077295     
   51.957688969465401       -10.460395175210254        95.154288792586669     
   52.368981097234823       -10.601749184986110        95.166018641611927     
   52.741346647060801       -10.728326627275132        95.176413959973274     
   53.077791098866179       -10.841604045863075        95.185619647478958     
   53.381225339309225       -10.942929927181357        95.193766130845120     
   53.654437934770549       -11.033528857008751        95.200971027473955     
   53.900075095516520       -11.114508312073898        95.207340096508105     
   54.120627362894311       -11.186866915416850        95.212968077926277     
   54.318421994288244       -11.251503331692216        95.217939749343756     
   54.495620073652205       -11.309225192549581        95.222330886361576     
   54.654217415569541       -11.360757673597139        95.226208972198052     
   54.796048387533709       -11.406751553089940        95.229633969134625     
   54.922791908767508       -11.447790640799633        95.232659059649322     
   55.035978990392948       -11.484398542902257        95.235331331951457     
   55.137001287728779       -11.517044776451389        95.237692418663826     
   55.227120236491729       -11.546150270940061        95.239779086422871     
   55.307476435510054       -11.572092304691401        95.241623755190972     
   55.379099013334951       -11.595208935457970        95.243254987654637     
   55.442914785239481       -11.615802977124062        95.244697935202439     
   55.499757061400423       -11.634145571906474        95.245974738674732     
   55.550374011415414       -11.650479402797274        95.247104886579450     
   55.595436525729340       -11.665021585552820        95.248105533767173     
   55.635545542073579       -11.677966274400269        95.248991783763429     
   55.671238825911779       -11.689487011094457        95.249776938042743     
   55.702997209317999       -11.699738843103299        95.250472715507684     
   55.731250303744545       -11.708860233500465        95.251089445324652     
   55.759593275486992       -11.718011820351215        95.251705988449999     
   55.787579628040135       -11.727049559053148        95.252312645531632     
   55.814857355026483       -11.735859834386163        95.252901890268987     
   55.841083381374823       -11.744331828676597        95.253466492134535     
   55.865927883120683       -11.752358911525581        95.253999599121144     
   55.889078437924546       -11.759839982301420        95.254494811956178     
   55.910243953741514       -11.766680748782976        95.254946249390173     
   55.929158326204742       -11.772794925578941        95.255348604486699     
   55.945583779036518       -11.778105336398303        95.255697192125922     
   55.959313846099640       -11.782544904968820        95.255987988168386     
   55.970175958447406       -11.786057520435467        95.256217660884275     
   55.978033604843993       -11.788598764448594        95.256383595324280     
   55.982788039622953       -11.790136488889631        95.256483911387690     
   55.984379517362960       -11.790651235232909        95.256517476212153     
   56.669348328198076       -12.012166384436549        95.270382952530412     
   57.354647914325739       -12.233724507879742        95.283103754432915     
   58.040272593641980       -12.455321336715450        95.294689271440390     
   58.726216817850506       -12.676952593374569        95.305148194517443     
   59.412475140567125       -12.898614041712205        95.314488946657931     
   60.099042223634434       -13.120301465369407        95.322719548579556     
   60.785912826214656       -13.342010673693450        95.329847694671400     
   61.473081798734995       -13.563737501503061        95.335880778294353     
   62.160544080143296       -13.785477805016336        95.340825888133764     
   62.848294696282323       -14.007227457181525        95.344689800857012     
   63.536328751152489       -14.228982354344664        95.347479050448726     
   64.224641427311724       -14.450738400154581        95.349199841004449     
   64.913227986408401       -14.672491490515538        95.349857974255428     
   65.602083761449393       -14.894237523443211        95.349458943027543     
   66.291204152280926       -15.115972393688150        95.348007920429055     
   66.980584625146335       -15.337691975857444        95.345509678510766     
   67.670220711726472       -15.559392109508694        95.341968526018945     
   68.360108003178951       -15.781068599863833        95.337388345825744     
   69.050242146000400       -16.002717205995474        95.331772554667893     
   69.740618838137408       -16.224333630476885        95.325124074857982     
