   11.870705945795347        49.115754994554948        144.45988429530146     
   12.474158005727460        48.176089167207877        144.70975975381972     
   13.077289099345279        47.234926090223894        144.95258811187307     
   13.680111671970153        46.292566019419638        145.18911954904709     
   14.282637205005820        45.349264744686778        145.42003011876696     
   14.884870523156206        44.405090421690140        145.64544296700362     
   15.486813641080806        43.460037619816433        145.86524608877704     
   16.088468563504936        42.514103467214539        146.07932591202601     
   16.689837295153946        41.567287928713668        146.28756817286342     
   17.290921840753199        40.619593818440862        146.48985796073040     
   17.891724205028034        39.671026811862866        146.68607976371553     
   18.492246392703798        38.721595457250238        146.87611751403247     
   19.092490408505835        37.771311186562109        147.05985463364971     
   19.692458257159512        36.820188325749818        147.23717408006550     
   20.292151943390124        35.868244104477618        147.40795839222218     
   20.891573871336515        34.915506196394034        147.57212156726791     
   21.490728048840182        33.962033811194395        147.72970545971867     
   22.089618886186312        33.007892195413049        147.88078472458892     
   22.688250793660103        32.053144626799288        148.02543481293119     
   23.286628181546750        31.097852404729792        148.16373194034651     
   23.884755460131462        30.142074841022492        148.29575305538773     
   23.884824004945443        30.141965261607769        148.29576783123537     
   23.885028777771147        30.141637901597210        148.29581197238610     
   23.885367204576486        30.141096878349042        148.29588492203612     
   23.885835031227966        30.140348996537114        148.29598576005785     
   23.886426376899660        30.139403662528341        148.29611321470833     
   23.887133807909258        30.138272766026091        148.29626567880536     
   23.887948431058959        30.136970530471068        148.29644123015768     
   23.888860005314157        30.135513334084962        148.29663765598173     
   23.889857070423677        30.133919503811924        148.29685248098554     
   23.890927090872424        30.132209084753551        148.29708299875423     
   23.892056613364332        30.130403588001872        148.29732630602834     
   23.893231435863505        30.128525720045637        148.29757933943333     
   23.894436786074369        30.126599097156856        148.29783891418558     
   23.895657507122742        30.124647948352699        148.29810176428060     
   23.896931356378609        30.122611927505250        148.29837601679793     
   23.898461804238789        30.120165841449698        148.29870546311702     
   23.900300510432945        30.117227161227014        148.29910119277929     
   23.902509522507319        30.113696774996146        148.29957651532004     
   23.905163359042273        30.109455667824765        148.30014740108413     
   23.908351508170885        30.104360941969784        148.30083300797395     
   23.912181423091798        30.098241048981780        148.30165631016735     
   23.916782111847407        30.090890080907265        148.30264484751399     
   23.922308436968684        30.082060939775161        148.30383161728406     
   23.928946262049887        30.071457171982399        148.30525613315558     
   23.936918607300210        30.058723216746870        148.30696567968994     
   23.946493004981093        30.043432775219600        148.30901679387577     
   23.957990278658933        30.025074959145716        148.31147700831949     
   23.971795007503960        30.003037825574879        148.31442689284017     
   23.988367978289421        29.976588848184001        148.31796243184766     
   24.008260972670335        29.944851818503970        148.32219777282921     
   24.032134284403824        29.906779615573786        148.32726837492146     
   24.060777407951278        29.861122236489699        148.33333457356176     
   24.095133382259270        29.806389452599323        148.34058555433589     
   24.136327304906644        29.740807461133361        148.34924369187104     
   24.185699542198638        29.662268960903912        148.35956915198315     
   24.244844135251430        29.568276223212997        148.37186456950903     
   24.315652818912433        29.455876996699157        148.38647949075988     
   24.400364898562817        29.321593533192903        148.40381409719930     
   24.501622926280387        29.161345723119517        148.42432149425309     
   24.622533623465859        28.970370373380845        148.44850754671774     
   24.766732732699808        28.743140152094416        148.47692686780641     
   24.938451343044978        28.473287770653894        148.51017313618664     
   25.142579584584606        28.153543660192334        148.54886146860875     
   25.384721252817027        27.775698741149963        148.59360021153981     
   25.671229663913003        27.330607734480214        148.64494941346419     
   26.009210513913590        26.808252360451998        148.70336370167004     
   26.406471159406109        26.197886694030544        148.76911877654567     
   26.871386513180429        25.488286911326760        148.84222386647269     
   27.412636109783868        24.668117468233994        148.92230619380248     
   28.038742241702941        23.726406453242642        149.00845676808819     
   28.757300592003286        22.653099484073145        149.09916249093507     
   29.573770382362625        21.439593848156662        149.19229014567924     
   30.490053583693257        20.079347107387935        149.28510241940455     
   31.503508705240716        18.568859158517284        149.37422898104438     
   32.606870382628301        16.909156950971703        149.45558255870549     
   33.788944481019278        15.107475721488751        149.52434605136364     
   35.035456765044664        13.178488469921513        149.57542492050388     
   36.329754974346258        11.144613955551359        149.60409699162500     
   37.653638218702795        9.0354141651936981        149.60640448897257     
   38.988267451851797        6.8860773740552057        149.57973901305658     
   40.266689281837586        4.8134929953931280        149.52591747665736     
   41.521857960707031        2.7740372303636369        149.44602053310558     
   42.739039326708614       0.80017366545930657        149.34380002923075     
   43.904939069454734       -1.0800647788393953        149.22423235802020     
   45.008047925901657       -2.8445657226781433        149.09290462446208     
   46.039007522380089       -4.4778218507805434        148.95542163756451     
   46.990929059202223       -5.9708543751864962        148.81686051926300     
   47.859592954668408       -7.3205211004044859        148.68115633623182     
   48.643541974919756       -8.5284807117154298        148.55126904779925     
   49.343884352123219       -9.6000823729818698        148.42937476395073     
   49.963852439611479       -10.543307212587111        148.31689742936962     
   50.508262388158528       -11.367833744954748        148.21460014534929     
   50.982971727589067       -12.084259103913217        148.12270626706680     
   51.394397263952804       -12.703483384003839        148.04102686035895     
   51.749124065516199       -13.236248371918414        147.96907964147223     
   52.053612409154091       -13.692812825654849        147.90619139762222     
   52.313994950179939       -14.082742095378148        147.85158082926591     
   52.535951008372074       -14.414787842894684        147.80442195677321     
   52.724641135741948       -14.696836123768209        147.76389009706782     
   52.884685292781299       -14.935905316324568        147.72919324254826     
   53.020170885836741       -15.138178296705233        147.69959193798013     
   53.134679938109521       -15.309056342180330        147.67441020212078     
   53.231327436803106       -15.453225238508733        147.65303992636132     
   53.312805214838484       -15.574726693616119        147.63494111204318     
   53.381427424923075       -15.677030208688368        147.61963919280669     
   53.439175048843808       -15.763102239591836        147.60672057997550     
   53.487737873878736       -15.835470724988683        147.59582726853557     
   53.528553066339299       -15.896283954113210        147.58665108366853     
   53.562839951279109       -15.947363370713617        147.57892795251686     
   53.591630924455181       -15.990250324757396        147.57243244241107     
   53.615798622961805       -16.026247044702004        147.56697270449308     
   53.636079599134604       -16.056452254227391        147.56238589091072     
   53.653094804055726       -16.081791932096344        147.55853406645721     
   53.667367211015971       -16.103045737501056        147.55530060525214     
   53.679336909010409       -16.120869614218666        147.55258704482193     
   53.689373981184772       -16.135815058132074        147.55031036001739     
   53.697789459595569       -16.148345493141385        147.54840061486667     
   53.704844620067099       -16.158850156217515        147.54679894974146     
   53.710758852171850       -16.167655847228470        147.54545586273710     
   53.715716311220113       -16.175036855618043        147.54432974697997     
   53.719871532671981       -16.181223335422821        147.54338564903819     
   53.723354165145103       -16.186408363181936        147.54259421730762     
   53.726272956415045       -16.190753880274443        147.54193081290774     
   53.728719107520860       -16.194395692084150        147.54137475909465     
   53.730769093194809       -16.197447670937780        147.54090870839576     
   53.732487032157863       -16.200005287700520        147.54051810955107     
   53.734069205804104       -16.202360767037153        147.54015834929965     
   53.735631485749131       -16.204686616190376        147.53980308464290     
   53.737154225244346       -16.206953586746440        147.53945678485522     
   53.738618274679951       -16.209133171023069        147.53912380745916     
   53.740005222416286       -16.211197960530637        147.53880834329647     
   53.741297626339325       -16.213121990597298        147.53851436365255     
   53.742479233227506       -16.214881066826958        147.53824557010745     
   53.743535183170124       -16.216453069287660        147.53800534775516     
   53.744452196465438       -16.217818230608746        147.53779672239014     
   53.745218740646500       -16.218959384493171        147.53762232221288     
   53.745825175533469       -16.219862181523446        147.53748434454695     
   53.746263874486566       -16.220515269551012        147.53738452799922     
   53.746529320334140       -16.220910436403440        147.53732413042212     
   53.746618174768173       -16.221042713117736        147.53730391296514     
   54.362388132225036       -17.137304625987291        147.39497582042941     
   54.978076945249562       -18.052577690386236        147.24823017043320     
   55.593687461633095       -18.966849873410180        147.09706867367063     
   56.209222529166894       -19.880109067564117        146.94149297625816     
   56.824684995642315       -20.792343089245573        146.78150466125072     
   57.440077708850623       -21.703539677248006        146.61710525017557     
   58.055403516583155       -22.613686491284604        146.44829620458395     
   58.670665266631225       -23.522771110532709        146.27507892761977     
   59.285865806786106       -24.430781032198947        146.09745476560556     
   59.901007936597289       -25.337703687214816        145.91542510817555     
   60.516094162448510       -26.243526531903257        145.72899188903745     
   61.131126880583821       -27.148236995684560        145.53815721117300     
   61.746108487049803       -28.051822443486532        145.34292312311044     
   62.361041377893144       -28.954270174277195        145.14329161983082     
   62.975927949160379       -29.855567419682369        144.93926464409435     
   63.590770596898153       -30.755701342620501        144.73084408778331     
   64.205571717153077       -31.654659035955081        144.51803179326083     
   64.820333705971763       -32.552427521164823        144.30082955474606     
   65.435058959400806       -33.448993747031651        144.07923911970477     
   66.049749872621121       -34.344344576260490        143.85326213963219     
