      54.4869625520642913      -13.8282909727848136      131.4070104194350961
      54.4925516273407879      -13.8216140230931472      131.4076372377837174
      54.4973765138032249      -13.8143725849971695      131.4083333951242025
      54.5013801226134049      -13.8066537966981393      131.4090904165728375
      54.5045157786777636      -13.7985507157754750      131.4098990792063830
      54.5067478572282553      -13.7901610999954709      131.4107495361110125
      54.5080522868624868      -13.7815861224554013      131.4116314482171219
      54.5084169151193123      -13.7729290344539859      131.4125341223698911
      54.5078417350939617      -13.7642937894516564      131.4134466541102881
      54.5063389743669475      -13.7557836409491632      131.4143580737216723
      54.5039330507335862      -13.7474997259268221      131.4152574942440026
      54.5006604030433053      -13.7395396434383645      131.4161342603884179
      54.4965692101641750      -13.7319960347148715      131.4169780976221205
      54.4917190171295047      -13.7249551662004166      131.4177792611884570
      54.4861802956265251      -13.7184955095075232      131.4185286855424977
      54.4802778424430230      -13.7123028743238766      131.4192548433608181
      54.4734235644405800      -13.7051124557661836      131.4200976343273339
      54.4654643486442325      -13.6967640338457297      131.4210756583758837
      54.4562225848944053      -13.6870718509383504      131.4222104352230360
      54.4454922935453496      -13.6758206070209862      131.4235268465229751
      54.4330346579285376      -13.6627608495785537      131.4250536392982553
      54.4185728762382439      -13.6476036745230580      131.4268239970997456
      54.4017862375882402      -13.6300146456443994      131.4288761852464233
      54.3823033168822434      -13.6096068313682945      131.4312542760095823
      54.3596941733097196      -13.5859328493957339      131.4340089585598719
      54.3334614284588895      -13.5584758027997481      131.4371984366627260
      54.3030300933199186      -13.5266389862718803      131.4408894141820952
      54.2677360104210109      -13.4897342396723889      131.4451581640400661
      54.2268127802549031      -13.4469688295189531      131.4500916703374571
      54.1793770531199499      -13.3974307496767508      131.4557888253406759
      54.1244120924821388      -13.3400723523731255      131.4623616460097821
      54.0607495600365411      -13.2736922548163356      131.4699364633978291
      53.9870495422189336      -13.1969155177569668      131.4786550144351054
      53.9017789419708819      -13.1081721666311513      131.4886753363384742
      53.8031885084277235      -13.0056742302525219      131.5001723274016285
      53.6892889826791304      -12.8873916145993554      131.5133377916932034
      53.5578271127810908      -12.7510273199135380      131.5283797283692309
      53.4062626488514738      -12.5939927588949150      131.5455205582961753
      53.2317478810724012      -12.4133842538503565      131.5649939106407942
      53.0311118392052379      -12.2059621987535252      131.5870396123534363
      52.8008519119360145      -11.9681348302964867      131.6118961762313120
      52.5371363716656106      -11.6959491349245663      131.6397901418898471
      52.2358220422719413      -11.3850920817463059      131.6709217515042099
      51.8924920364821176      -11.0309061075689048      131.7054468619409420
      51.5025189637724523      -10.6284233926398368      131.7434537032048070
      51.0611600734328164      -10.1724243475252436      131.7849344509949105
      50.5636915463691707       -9.6575248790790376      131.8297536411066915
      50.0055861241640400       -9.0782962212142984      131.8776116947180697
      49.3827366294209327       -8.4294223942869948      131.9280096319240272
      48.6917243052695952       -7.7058977181465451      131.9802146379680323
      47.9301256021877293       -6.9032646123745067      132.0332337103432963
      47.0968441300670122       -6.0178879362317304      132.0858005644536775
      46.1924467013718072       -5.0472573358590394      132.1363850653728775
      45.2194743776620314       -3.9903025976918798      132.1832244838819292
      44.1826904075393543       -2.8477000014398883      132.2243778032944590
      43.0891868098923752       -1.6221471757197750      132.2578230940662536
      41.9482629977092571       -0.3186299479366426      132.2815627729438006
      40.7710658754746476        1.0553271969324989      132.2937482968602865
      39.5700024523640010        2.4894791744173990      132.2928139733724890
      38.3579787676859425        3.9708029357930639      132.2776147449816335
      37.1475479772562451        5.4836203234844252      132.2475693742357521
      35.7640948321867498        7.2481288497513168      132.1945156877071099
      34.4109782869079055        8.9987650564814246      132.1233510440633552
      33.0994635724256625       10.7039787439111862      132.0369752638131047
      31.8393031814184297       12.3351120065695206      131.9392808303173013
      30.6394287098168583       13.8688082784589621      131.8346124033205911
      29.5083502291981894       15.2884814855471003      131.7271677608851519
      28.4541728893576717       16.5848062227221327      131.6205010960582058
      27.4837829327630274       17.7552228576346565      131.5172510890812703
      26.6015632011099363       18.8023359241452503      131.4191867585074078
      25.8085661177702157       19.7320109518185838      131.3274280854675453
      25.1025822459443404       20.5518190740133413      131.2426693273937417
      24.4789664883061953       21.2701261663902486      131.1653268186165633
      23.9316373068767057       21.8956992975183269      131.0955548737123877
      23.4538131798924425       22.4374797013921707      131.0332736977731258
      23.0385060708831695       22.9043296158980603      130.9782152667773971
      22.6788520386315184       23.3047992994356221      130.9299706164855195
      22.3683250500674227       23.6469480428064358      130.8880360375003136
      22.1008651429966001       23.9382245991650002      130.8518502430249555
      21.8709452082396147       24.1854022602827321      130.8208275564470000
      21.6735942130864778       24.3945574430375984      130.7943833369197932
      21.5043910682237112       24.5710818758113838      130.7719594317146061
      21.3594388812042233       24.7197156690783189      130.7530368060791943
      21.2353276112559897       24.8445938087973985      130.7371415143523734
      21.1290908104487158       24.9493000489957062      130.7238472236612097
      21.0381603442381433       25.0369235670056476      130.7127754463671465
      20.9603216241499517       25.1101149901149654      130.7035934469014364
      20.8936710169707283       25.1711397644981716      130.6960108386573722
      20.8365764344607456       25.2219277638969928      130.6897761234010602
      20.7876415271128643       25.2641183777453797      130.6846728908719797
      20.7456736243518129       25.2991008650579445      130.6805159397326292
      20.7096553523298006       25.3280500442626675      130.6771475158556939
      20.6787197291013349       25.3519575612617132      130.6744337869589856
      20.6521284636176468       25.3716590758121150      130.6722616181121452
      20.6292531512854929       25.3878577527154654      130.6705356752919158
      20.6095590513888745       25.4011444563613296      130.6691758595094086
      20.5925911409003781       25.4120150372954257      130.6681150585326634
      20.5779621584203092       25.4208850765007206      130.6672971941625860
      20.5653423766016488       25.4281024231019295      130.6666755383544967
      20.5544508683897789       25.4339578283491612      130.6662112697182181
      20.5450480597392868       25.4386939456700070      130.6658722420193044
      20.5369293878881045       25.4425129349185823      130.6656319375045996
      20.5299199089551152       25.4455828795608667      130.6654685797024342
      20.5238697210412262       25.4480431987506108      130.6653643824950279
      20.5186500887835521       25.4500092120416639      130.6653049145669172
      20.5141501721932862       25.4515759926105929      130.6652785607106182
      20.5102742764951635       25.4528216250073989      130.6652760638910991
      20.5060564417625208       25.4540580170017599      130.6652965228028620
      20.5017615414678680       25.4551772942080206      130.6653445405686114
      20.4974234348749640       25.4561496439546744      130.6654238298947064
      20.4930756023222358       25.4569463795605238      130.6655379086166988
      20.4887507906075754       25.4575403528508204      130.6656900408907234
      20.4844806702990958       25.4579063494709814      130.6658831809322692
      20.4802955090581307       25.4580214618553775      130.6661199200776196
      20.4762238648512884       25.4578654349824980      130.6664024379078626
      20.4722923026706276       25.4574209803831266      130.6667324581261482
      20.4685251380796238       25.4566740542614838      130.6671112098215701
      20.4649442105596968       25.4556140960354043      130.6675393946855195
      20.4615686892539408       25.4542342240949040      130.6680171606699616
      20.4584149132935025       25.4525313861132716      130.6685440824936961
      20.4554962684564607       25.4505064618135144      130.6691191493121948
      20.4528304808566901       25.4481700798566841      130.6697391806590360
      20.4504320974700029       25.4455367861942143      130.6704004285077190
      20.4483050065419150       25.4426191629065421      130.6711001858881502
      20.4464498505951582       25.4394334977905423      130.6718352242903620
      20.4448641003268250       25.4359996438186897      130.6726018171880241
      20.4435421675995279       25.4323408331238738      130.6733957700719202
      20.4424755558568130       25.4284834476485564      130.6742124566471546
      20.4416530458272234       25.4244567491455378      130.6750468607636151
      20.4410609139410724       25.4202925717330075      130.6758936235756039
      20.4406831804780111       25.4160249806823089      130.6767470953594170
      20.4405018840938197       25.4116899015466586      130.6776013913576264
      20.4404973790496740       25.4073247241173306      130.6784504509703879
      20.4406486511861232       25.4029678860165937      130.6792880995732560
      20.4409336484556938       25.3986584409988119      130.6801081122123946
      20.4413044188617334       25.3946737967049252      130.6808595535980828
      20.4418548373394771       25.3900205593380619      130.6817296554526990
      20.4426411485395789       25.3845897258905318      130.6827360369817370
      20.4437331139247149       25.3782540020188101      130.6838990010606949
      20.4452166422431389       25.3708644419261482      130.6852420111134165
      20.4471968982235062       25.3622464568467159      130.6867922559801514
      20.4498019872552206       25.3521950867324257      130.6885813152263722
      20.4531873308433312       25.3404694121596137      130.6906459389373083
      20.4575408661336446       25.3267859626484260      130.6930289578793349
      20.4630892231794590       25.3108109535850438      130.6957803418355866
      20.4701050562327680       25.2921511569837669      130.6989584257150341
      20.4789157303883584       25.2703431818379158      130.7026313243885340
      20.4899135922988300       25.2448409084699357      130.7068785576982748
      20.5035680828851774       25.2150007892026871      130.7117929061516861
      20.5204399798599333       25.1800646965907120      130.7174825146492765
      20.5411980864867232       25.1391399730962064      130.7240732551095732
      20.5666387071781038       25.0911763166051252      130.7317113475394592
      20.5977082655111232       25.0349391306565607      130.7405662209166621
      20.6355294189969705       24.9689789854983921      130.7508335675185265
      20.6814309973808363       24.8915968884631944      130.7627385035785039
      20.7369820231615911       24.8008051667011635      130.7765386910881773
      20.8040299447894448       24.6942839448471219      130.7925271950895763
      20.8847429980855779       24.5693334845161928      130.8110347423411497
      20.9816562747215407       24.4228230791263350      130.8324309054324601
      21.0977205727629880       24.2511378115060694      130.8571235575937237
      21.2363523793653002       24.0501253413244562      130.8855557704992805
      21.4014824198406934       23.8150463019172776      130.9182005882020121
      21.5975986790531778       23.5405329856358172      130.9555519828052752
      21.8297778545953420       23.2205625712325663      130.9981089260350018
      22.1036970953337537       22.8484540353211685      131.0463542012923597
      22.4256143403525385       22.4168987427618340      131.1007231713401779
      22.8023012932130698       21.9180355832448654      131.1615534532913614
      23.2409095694595393       21.3435875429535038      131.2290410562763725
      23.7487416421457169       20.6850679213790976      131.3031973313958360
      24.3328867376151550       19.9340571999717184      131.3838089724811482
      24.9996610770792778       19.0825328408538724      131.4704025560983212
      25.7537886840814139       18.1231850891155659      131.5622306287099832
      26.5975243101911758       17.0496376442502076      131.6582655769375947
      27.5301982412126556       15.8568860256377686      131.7571775541638601
      28.5484666351473741       14.5423792227070461      131.8571510531223225
      29.6471349680734129       13.1077897036019753      131.9556852189247707
      30.8200426295154948       11.5609757392528252      132.0495130900323772
      32.0602915436295177        9.9171611671229591      132.1348047105636283
      33.3600206169732374        8.1987323941315413      132.2076342498446309
      34.7098823463772916        6.4339615995774047      132.2645390476285741
      36.0982452332685213        4.6547338336604582      132.3030500962170777
      37.3186850834075656        3.1295463539429025      132.3206049583993718
      38.5460494917069454        1.6379654873487077      132.3236217840314737
      39.7684162511662436        0.1979015850687684      132.3129108264687659
      40.9731223345760398       -1.1758531309952702      132.2898635003156755
      42.1475810887270654       -2.4719249200949256      132.2562885182427692
      43.2800932759594801       -3.6823581084910471      132.2142280889633525
      44.3605171733675618       -4.8023922628420941      132.1658036942536114
      45.3807226246129929       -5.8300925184448538      132.1130826397752287
      46.3347910560995686       -6.7659051127192562      132.0579761770711684
      47.2189936090463860       -7.6122126471462588      132.0021656055895107
      48.0316376523743642       -8.3728974171332471      131.9470501695230951
      48.7728244433789868       -9.0529186329773310      131.8937374017754394
      49.4441528428034687       -9.6579299630311759      131.8430514301406333
      50.0484023207183455      -10.1939544844574588      131.7955566092181812
      50.5892224600483758      -10.6671235432445872      131.7515939822501991
      51.0708483968801303      -11.0834777240691675      131.7113213405326064
      51.4978540939831717      -11.4488236611185030      131.6747538836930005
      51.8749488477938883      -11.7686378074986759      131.6417996176862744
      52.2068180848660788      -12.0480081424443934      131.6122919245593437
      52.4980043873388311      -12.2916041756036716      131.5860149526398857
      52.7528230503258655      -12.5036689680070392      131.5627246428835520
      52.9753069391394078      -12.6880270663265406      131.5421647019963416
      53.1691750629593898      -12.8481029585213289      131.5240777806355936
      53.3378195752569724      -12.9869461027011148      131.5082136704137667
      53.4843064712123564      -13.1072595258895568      131.4943347762213648
      53.6113859997353615      -13.2114298829365122      131.4822194799035344
      53.7215095590662699      -13.3015575100455212      131.4716638241314968
      53.8168505571220663      -13.3794855255240073      131.4624821423079482
      53.8993273230671335      -13.4468273637641058      131.4545069177639505
      53.9706266712733864      -13.5049923884745713      131.4475881063455915
      54.0322271349774894      -13.5552094152351081      131.4415921203619746
      54.0854212124111413      -13.5985480978810482      131.4364006187597624
      54.1313362161278064      -13.6359382163430247      131.4319092073252762
      54.1709534997082756      -13.6681869570160242      131.4280261214473740
      54.2051259676181374      -13.6959943091833125      131.4246709404915521
      54.2345938651033421      -13.7199667187679992      131.4217733654371614
      54.2599989054033500      -13.7406291482261977      131.4192720787332576
      54.2818968292300852      -13.7584356919333555      131.4171136962393689
      54.3007685127406958      -13.7737788922410047      131.4152518148128195
      54.3170297499601205      -13.7869978940633544      131.4136461541197605
      54.3310398375318684      -13.7983855668376734      131.4122617894304028
      54.3431090863634978      -13.8081947125225710      131.4110684698858336
      54.3535053781994719      -13.8166434677712680      131.4100400155336672
      54.3624598767815215      -13.8239199980000169      131.4091537862202017
      54.3701719939804633      -13.8301865709970393      131.4083902153823828
      54.3768137017604687      -13.8355830882036894      131.4077324019904722
      54.3836962709523917      -13.8405994379757704      131.4071111420347222
      54.3911109351025743      -13.8448904333009892      131.4065589116199249
      54.3989739387353666      -13.8483920332314625      131.4060836615485641
      54.4071945147899854      -13.8510515900863798      131.4056922302176531
      54.4156763345308860      -13.8528281769537784      131.4053902847857955
      54.4243189497008046      -13.8536928513735909      131.4051822700591288
      54.4330192312953187      -13.8536288280136279      131.4050713680763351
      54.4416728024685455      -13.8526315416708687      131.4050594705185802
      54.4501754585393982      -13.8507085882089935      131.4051471654160537
      54.4584245641083697      -13.8478795358642905      131.4053337390899685
      54.4663204154432634      -13.8441756032063843      131.4056171938267710
      54.4737675552481306      -13.8396392032304103      131.4059942813958060
      54.4806760264967949      -13.8343233557714154      131.4064605521853366
      54.4869625520642913      -13.8282909727848136      131.4070104194350961
