      53.9747976436448553      -15.4157054483581284      142.8854156888320404
      53.9782199795595545      -15.4126714308129777      142.8855863273671787
      53.9812933361739908      -15.4092886012388366      142.8858105140777752
      53.9839813783701317      -15.4055976660519782      142.8860854913918104
      53.9862526709106945      -15.4016431621691101      142.8864078666910586
      53.9880811033786472      -15.3974728732573585      142.8867736575548122
      53.9894462516762914      -15.3931372024106761      142.8871783444122627
      53.9903336731369237      -15.3886885078754574      142.8876169299414016
      53.9907351335552477      -15.3841804085775014      142.8880840044939475
      53.9906487659141092      -15.3796670660911534      142.8885738167887212
      53.9900791623369329      -15.3752024492745942      142.8890803490984069
      53.9890374029356295      -15.3708395869784766      142.8895973961678010
      53.9875410279208836      -15.3666298128692311      142.8901186471446181
      53.9856139628694720      -15.3626220042711630      142.8906377698956476
      53.9832864118371987      -15.3588618136641717      142.8911484972304606
      53.9807003256953308      -15.3551391370852244      142.8916669356731006
      53.9776456034045964      -15.3507420673902182      142.8922791900633058
      53.9740374207281732      -15.3455486206168086      142.8930021889262321
      53.9697756393620693      -15.3394148226111753      142.8938558963584740
      53.9647420577085128      -15.3321707741523774      142.8948638488154188
      53.9587971742626067      -15.3236160235692669      142.8960537838324854
      53.9517763796571330      -15.3135141295687713      142.8974583752316221
      53.9434854799305228      -15.3015862789695589      142.8991160911836005
      53.9336954383428449      -15.2875038039960618      142.9010721933264563
      53.9221362060075791      -15.2708794218445618      142.9033798968765154
      53.9084894927745140      -15.2512569956930939      142.9061017131224105
      53.8923803093706795      -15.2280995917895297      142.9093109966128736
      53.8733670901965951      -15.2007755827448587      142.9130937193376667
      53.8509301841277903      -15.1685425243159600      142.9175504927175666
      53.8244584794299357      -15.1305285142710666      142.9227988544909351
      53.7932339104187989      -15.0857107310491418      142.9289758305520479
      53.7564135807640611      -15.0328908520806177      142.9362407700373012
      53.7130092357836730      -14.9706670741402643      142.9447784335739300
      53.6618638301817086      -14.8974025109189903      142.9548022871644832
      53.6016249777812135      -14.8111898394006918      142.9665579146007985
      53.5307151491960695      -14.7098122237822579      142.9803264058492402
      53.4472986207717113      -14.5907007850590524      142.9964275032234866
      53.3492453994104991      -14.4508892317259132      143.0152221867357127
      53.2340926882398335      -14.2869667513344947      143.0371142508272726
      53.0990049636800023      -14.0950309136659335      143.0625502633294843
      52.9407344635912267      -13.8706431796638618      143.0920171015239646
      52.7555849097602021      -13.6087906606679212      143.1260360432985124
      52.5393826821584113      -13.3038590178709182      143.1651521588835010
      52.2874614999643796      -12.9496227786560745      143.2099175353953910
      51.9946689880302628      -12.5392607548518011      143.2608667324692533
      51.6554062811267301      -12.0654054598731708      143.3184828113883214
      51.2637147261689847      -11.5202360660491898      143.3831525851078936
      50.8134245250275995      -10.8956242880283529      143.4551115002437598
      50.2983791802157967      -10.1833435327613984      143.5343767767479903
      49.7127485567723539       -9.3753496413602875      143.6206709730382443
      49.0514347340930996       -8.4641376060466023      143.7133401074128187
      48.3105596967986557       -7.4431755183312598      143.8112715224020519
      47.4880016821077788       -6.3074134892194618      143.9128214160327275
      46.5839174726664282       -5.0538607841493004      144.0157430685503073
      45.6011627346550839       -3.6822230744833062      144.1171754792279387
      44.5455163614821643       -2.1955832740233290      144.2138101687005758
      43.4256748464741236       -0.6010537149990826      144.3020037741889325
      42.2530266793045968        1.0897619158703111      144.3778978868180616
      41.0411989664745462        2.8606217377007810      144.4377937143653128
      39.8052067627364394        4.6907959592889039      144.4786016124870969
      38.5593446304660645        6.5549727395961428      144.4983552728564860
      37.1926447289463198        8.6128003393675066      144.4949056263544662
      35.8477745554116680       10.6395660203321203      144.4661144571166176
      34.5410642989390269       12.5992679542527757      144.4149373197635668
      33.2875161403512010       14.4608454974172389      144.3456761730670905
      32.1004849455081214       16.2001024356598045      144.2632792779245392
      30.9913206439112905       17.8006131838645238      144.1725961027938752
      29.9690092340121943       19.2537130646024330      144.0779767623104988
      29.0395979083664919       20.5576332852223622      143.9829879701443076
      28.2056390135487192       21.7159844824353421      143.8903657319140166
      27.4660567489549123       22.7360761802525353      143.8021222542500652
      26.8166538584271983       23.6274680939473889      143.7196801920445353
      26.2510696680731250       24.4009570105661631      143.6439704294564876
      25.7617412918934789       25.0679152465398332      143.5755149942049798
      25.3406376172387375       25.6397792588752900      143.5144635652451655
      24.9797762173053641       26.1276526499681623      143.4606546660636468
      24.6715628947973933       26.5420279259507375      143.4137228932238770
      24.4089891664388894       26.8926035245748025      143.3731723903681541
      24.1857273737834930       27.1881819388771113      143.3384277597028245
      23.9961572463257262       27.4366337517333747      143.3088774832271497
      23.8353487225991394       27.6449102910552078      143.2839104125876020
      23.6990185324894007       27.8190888355196897      143.2629420474090125
      23.5834727047913226       27.9644371922890862      143.2454284139071774
      23.4855437879304070       28.0854890366375471      143.2308741311215385
      23.4025280879727084       28.1861231543131758      143.2188365500642533
      23.3321259364399296       28.2696415646465447      143.2089259526438241
      23.2723867183978221       28.3388435350462693      143.2008032319263009
      23.2216594367382605       28.3960937537140587      143.1941761048921933
      23.1785489854707443       28.4433838239955641      143.1887945943297211
      23.1418779429805568       28.4823868576577475      143.1844462759185319
      23.1106534949367415       28.5145053431534130      143.1809516089573719
      23.0840389994658857       28.5409127061948737      143.1781595421835220
      23.0613296757562871       28.5625891099257139      143.1759434980612014
      23.0419319054951544       28.5803520961478981      143.1741977798338041
      23.0253456673697698       28.5948826737531938      143.1728344075136761
      23.0111496672315212       28.6067474346350714      143.1717803655047874
      22.9989887735144798       28.6164172342275300      143.1709752313933279
      22.9885634150269276       28.6242829226506821      143.1703691503795426
      22.9796206432888539       28.6306685579369606      143.1699211144581625
      22.9719466038959084       28.6358424807219549      143.1695975084809902
      22.9653601995153451       28.6400265805435090      143.1693708870195962
      22.9597077610810132       28.6434040390878621      143.1692189484416531
      22.9548585735072095       28.6461257957502937      143.1691236758265973
      22.9507011277033683       28.6483159454843488      143.1690706176659376
      22.9471399918193164       28.6500762476330131      143.1690482846221926
      22.9440932115392471       28.6514898967003049      143.1690476419375671
      22.9414901621273764       28.6526246813281347      143.1690616803719536
      22.9385508552909627       28.6538187522857015      143.1690949861642252
      22.9355479438696364       28.6549349904636976      143.1691497431037874
      22.9325036116212893       28.6559496172531283      143.1692286569900432
      22.9294398498709207       28.6568396835268793      143.1693342861500184
      22.9263782324463037       28.6575833903014328      143.1694689978880319
      22.9233396979769566       28.6581603963165215      143.1696349268312360
      22.9203443421136690       28.6585521085546340      143.1698339357446912
      22.9174112220927562       28.6587419519306330      143.1700675793616711
      22.9145581759081267       28.6587156146376643      143.1703370717409314
      22.9118016581652384       28.6584612659371487      143.1706432576192753
      22.9091565944781763       28.6579697435225462      143.1709865881774988
      22.9066362560350392       28.6572347079667828      143.1713671015839111
      22.9042521557028138       28.6562527621747236      143.1717844086157641
      22.9020139667726639       28.6550235342009039      143.1722376835949149
      22.8999341969248214       28.6535526811033279      143.1727246305157735
      22.8980233631480345       28.6518488995144729      143.1732425284398289
      22.8962851915737176       28.6499208978435185      143.1737892820876255
      22.8947213659931634       28.6477802857668777      143.1743624040960015
      22.8933315698517958       28.6454414681021738      143.1749590327256954
      22.8921135527537203       28.6429215030914932      143.1755759544668649
      22.8910632204580828       28.6402399267537611      143.1762096312864116
      22.8901747470578272       28.6374185453966739      143.1768562322005494
      22.8894407077565205       28.6344811987833090      143.1775116687985872
      22.8888522304035398       28.6314534968215781      143.1781716342938466
      22.8883991637157713       28.6283625329815052      143.1788316456311918
      22.8880702599068186       28.6252365779421645      143.1794870881439294
      22.8878533692672299       28.6221047572219049      143.1801332622203518
      22.8877356440909843       28.6189967167507824      143.1807654314170577
      22.8877034587294261       28.6162118119108122      143.1813250300640163
      22.8877454351680569       28.6129163495637542      143.1819797356241679
      22.8878952262944537       28.6090192513277941      143.1827445943551709
      22.8881961293812353       28.6044129275354102      143.1836370408376524
      22.8887031468280640       28.5989700478345590      143.1846773447199439
      22.8894854352666073       28.5925396555257016      143.1858891493768624
      22.8906292314596662       28.5849425049019068      143.1873001170441739
      22.8922413623490542       28.5759654795371638      143.1889426969172803
      22.8944534672280398       28.5653549235592621      143.1908550351469387
      22.8974270829117010       28.5528086871267632      143.1930820485299023
      22.9013597687568051       28.5379666514850214      143.1956766867863848
      22.9064924782943535       28.5203994581720366      143.1987014113410623
      22.9131184188253876       28.4995951214874310      143.2022299210634060
      22.9215936800927729       28.4749431539149676      143.2063491568928839
      22.9323499581869363       28.4457157821239051      143.2111616168479031
      22.9459097507156500       28.4110457788028192      143.2167880094018813
      22.9629044526605419       28.3699003867927786      143.2233702649120914
      22.9840958366628669       28.3210507729506915      143.2310749093090010
      23.0104014521638369       28.2630364292973795      143.2400967782798773
      23.0429245172743151       28.1941239520823430      143.2506630087839028
      23.0829888925609588       28.1122596935908646      143.2630371731993932
      23.1321797014415331       28.0150159306927726      143.2775233435671680
      23.1923900657041138       27.8995304585589494      143.2944697446095006
      23.2658742136564314       27.7624399446708381      143.3142714559465958
      23.3553068356935363       27.5998080375215125      143.3373713964393517
      23.4638479148106214       27.4070501770966359      143.3642585104562386
      23.5952112274059687       27.1788583781600153      143.3954616936926811
      23.7537331295609455       26.9091310167565467      143.4315375547225528
      23.9444359108939651       26.5909148760981999      143.4730496456228650
      24.1730768449509021       26.2163696836966515      143.5205381715345538
      24.4461699261031598       25.7767689873151937      143.5744831887071484
      24.7709599214943914       25.2625510411534862      143.6352487623624654
      25.1553231792786463       24.6634389929228171      143.7030160780073231
      25.6075629893497769       23.9686509020361669      143.7777227606381416
      26.1360570816165918       23.1672111953828974      143.8589942401085864
      26.7487114453641439       22.2483659622834935      143.9460367865487740
      27.4521928578189716       21.2021117526409242      144.0375833446486240
      28.2509896650090759       20.0198120590780064      144.1319173811164660
      29.1465909435240924       18.6949549666394645      144.2268082652329610
      30.1371224859692930       17.2243094426719665      144.3194038971215605
      31.2174685673787238       15.6094997677744001      144.4061329409730661
      32.3796546824593250       13.8586323495043047      144.4827311542206587
      33.6131675924108748       11.9874265990297939      144.5445217138910152
      34.9051898777735659       10.0193682936753898      144.5868761939199203
      36.2408860283753924        7.9848775961110556      144.6057631435128030
      37.6037000668256667        5.9194991551746057      144.5984985416293114
      38.8501172296132395        4.0484397536912917      144.5685017873199456
      40.0898882393758385        2.2113835528556498      144.5171470617297587
      41.3091709574238166        0.4346139217133346      144.4466304858604531
      42.4955462639749086       -1.2584965243278410      144.3600229372551098
      43.6371851290504722       -2.8494627879176027      144.2611924947870250
      44.7232621362033527       -4.3253173629803445      144.1543281197122042
      45.7445775568654653       -5.6785279883262652      144.0434795119380169
      46.6940772402793129       -6.9064614677433056      143.9321949089159318
      47.5672013535615790       -8.0105474752537216      143.8234622287255888
      48.3619348367433517       -8.9953179982939702      143.7196242005582860
      49.0785882938132119       -9.8674947956294687      143.6223085778567850
      49.7194188186751589      -10.6352022495118330      143.5325170337911800
      50.2881780423629792      -11.3073250687172120      143.4507472967053161
      50.7896574249097981      -11.8930083277775775      143.3771027851197175
      51.2292780157106904      -12.4012873349253514      143.3113955312822441
      51.6127483738782402      -12.8408279540501464      143.2532351436095439
      51.9457972491752855      -13.2197567344194518      143.2021021497609183
      52.2339778816843747      -13.5455620294200898      143.1574057651200746
      52.4825359602830090      -13.8250478613392751      143.1185264673449069
      52.6963290380131681      -14.0643256698143677      143.0848473625262045
      52.8797852507797259      -14.2688327125407692      143.0557755782486709
      53.0368908286811802      -14.4433681748439309      143.0307557714516804
      53.1711977382461924      -14.5921400226103817      143.0092777339590668
      53.2858446090178646      -14.7188173645243392      142.9908797085950880
      53.3835857304841213      -14.8265845456110910      142.9751487158995928
      53.4668242839223069      -14.9181943633156617      142.9617188971774624
      53.5376470866772038      -14.9960187036209867      142.9502686260589144
      53.5978589934144125      -15.0620955749927639      142.9405169352484677
      53.6490157539772170      -15.1181720125278449      142.9322196444953761
      53.6924546084631800      -15.1657426717348987      142.9251654507228864
      53.7293222440087774      -15.2060841654285497      142.9191721500090466
      53.7605999761329656      -15.2402853465340726      142.9140830945321738
      53.7871261767895206      -15.2692738272930608      142.9097639404389781
      53.8096160725993258      -15.2938390695121136      142.9060997101607029
      53.8286790964447093      -15.3146523948695741      142.9029921711399425
      53.8448340061623938      -15.3322842591103825      142.9003575192311075
      53.8585219947592151      -15.3472191166150829      142.8981243469131925
      53.8701180142013030      -15.3598681775569101      142.8962318721868030
      53.8799405242938221      -15.3705803322576884      142.8946284023672320
      53.8882598629243716      -15.3796514888232654      142.8932700070269846
      53.8953054163727856      -15.3873325422221114      142.8921193754391652
      53.9012717500890659      -15.3938361666025205      142.8911448355853793
      53.9063238423421609      -15.3993425983389436      142.8903195138117326
      53.9106015460771957      -15.4040045552875249      142.8896206163400961
      53.9142233885445705      -15.4079514180634032      142.8890288159436466
      53.9172898039465878      -15.4112927817544278      142.8885277290913223
      53.9204505357034023      -15.4143913230035530      142.8880484483933913
      53.9239427627926986      -15.4171559436848788      142.8875899386025026
      53.9277285369585186      -15.4195471318854072      142.8871582310304973
      53.9317653551637051      -15.4215307585578287      142.8867589843238193
      53.9360068882080981      -15.4230783526426158      142.8863974195566584
      53.9404037093589821      -15.4241673431968849      142.8860782590749068
      53.9449040275710203      -15.4247812545656906      142.8858056704658281
      53.9494544256091402      -15.4249098445663755      142.8855832167875235
      53.9540006005107600      -15.4245491786127289      142.8854138139887198
      53.9584881018891025      -15.4237016350272729      142.8852996962686177
      53.9628630623075978      -15.4223758386907548      142.8852423899594157
      53.9670729131613811      -15.4205865217906890      142.8852426963543110
      53.9710670790706857      -15.4183543118367989      142.8853006837508133
      53.9747976436448553      -15.4157054483581284      142.8854156888320404
